,Unnamed: 0,initial_lr,optimizer,criterion,train_data_used,train_set_shuffle,train_batch_size,norm_conv1x1,norm_conv1x1_3x3,norm_conv1x1_5x5,norm_var_norm_conv1x1,norm_var_norm_conv1x1_3x3,norm_var_norm_conv1x1_5x5,avg_normalized_variance,train accuracy epoch0,test accuracy epoch0,conv1x1FLOPS,conv1x1_3x3FLOPS,conv1x1_5x5FLOPS,totalFLOPS,final_test_accuracy,source,train accuracy epoch1,train accuracy epoch2,test accuracy epoch1,test accuracy epoch2
0,0,0.0003,<class 'torch.optim.adam.Adam'>,CrossEntropyLoss(),1,False,16,0.4084321578411112,0.1742976140282308,0.4172702281306578,0.1830426585412841,0.4913619828985911,0.2729245924566117,0.315776411298829,83.22277777777778,85.48266666666667,0.012544,0.909,2.515,13.274,85.48266666666667,fashion,,,,
1,1,0.0003,<class 'torch.optim.adam.Adam'>,CrossEntropyLoss(),1,False,32,0.4107170331858494,0.2125467613222142,0.3767362054919362,0.1855197768005181,0.4172978250028246,0.2934701265448186,0.2987625761160538,82.95977777777779,84.96066666666667,0.012544,0.909,2.515,13.274,84.96066666666667,fashion,,,,
2,2,0.0003,<class 'torch.optim.adam.Adam'>,CrossEntropyLoss(),1,False,64,0.4194394541694034,0.2356253832513601,0.3449351625792364,0.1624608335164755,0.3306734810265385,0.2614221301482227,0.251518814897079,82.26544444444444,84.16866666666667,0.012544,0.909,2.515,13.274,84.16866666666667,fashion,,,,
3,3,0.0003,<class 'torch.optim.adam.Adam'>,CrossEntropyLoss(),1,True,16,0.3947192827134679,0.1785663690783795,0.4267143482081525,0.1897431750136954,0.5671865349338964,0.2797784780948221,0.3455693960141379,83.25944444444444,85.304,0.012544,0.909,2.515,13.274,85.304,fashion,,,,
4,4,0.0003,<class 'torch.optim.adam.Adam'>,CrossEntropyLoss(),1,True,32,0.3957072688015884,0.2048999020869694,0.3993928291114422,0.1738455128426863,0.4675430315942985,0.2713756225533215,0.3042547223301021,82.94966666666666,85.29933333333334,0.012544,0.909,2.515,13.274,85.29933333333334,fashion,,,,
5,5,0.0003,<class 'torch.optim.adam.Adam'>,CrossEntropyLoss(),1,True,64,0.4114846961606651,0.2333831131761126,0.3551321906632222,0.1387006717044359,0.3515471865900071,0.2518057953997375,0.2473512178980602,82.40933333333334,84.62133333333333,0.012544,0.909,2.515,13.274,84.62133333333333,fashion,,,,
6,6,0.0007,<class 'torch.optim.adam.Adam'>,CrossEntropyLoss(),1,False,16,0.4292849599912154,0.2084077686947328,0.3623072713140517,0.1947563637450184,0.6098373911773707,0.3982206762303977,0.4009381437175956,82.66266666666667,85.04133333333333,0.012544,0.909,2.515,13.274,85.04133333333333,fashion,,,,
7,7,0.0007,<class 'torch.optim.adam.Adam'>,CrossEntropyLoss(),1,False,32,0.4557087422193644,0.2212480572724001,0.3230432005082354,0.1889755309733691,0.5031284149410368,0.3846386914593225,0.3589142124579094,82.67244444444444,84.85799999999999,0.012544,0.909,2.515,13.274,84.85799999999999,fashion,,,,
8,8,0.0007,<class 'torch.optim.adam.Adam'>,CrossEntropyLoss(),1,False,64,0.4862613821795866,0.218135141242918,0.2956034765774953,0.1520053247965977,0.3497508708767803,0.3343714555075288,0.2787092170603023,82.03044444444444,84.30199999999999,0.012544,0.909,2.515,13.274,84.30199999999999,fashion,,,,
9,9,0.0007,<class 'torch.optim.adam.Adam'>,CrossEntropyLoss(),1,True,16,0.4292827469083864,0.2022110575736362,0.3685061955179772,0.1814305980200164,0.6219914270443787,0.3894921125579647,0.3976380458741199,82.762,84.73,0.012544,0.909,2.515,13.274,84.73,fashion,,,,
10,10,0.0007,<class 'torch.optim.adam.Adam'>,CrossEntropyLoss(),1,True,32,0.4428789212809623,0.2021573436509661,0.3549637350680715,0.1830357192143082,0.5300400803800086,0.377017851590035,0.3633645503947839,82.68222222222222,84.93333333333334,0.012544,0.909,2.515,13.274,84.93333333333334,fashion,,,,
11,11,0.0007,<class 'torch.optim.adam.Adam'>,CrossEntropyLoss(),1,True,64,0.4690792069220893,0.225159843347892,0.3057609497300186,0.1585502213752949,0.4004561931202469,0.331044050342102,0.2966834882792146,82.20477777777778,84.66000000000001,0.012544,0.909,2.515,13.274,84.66000000000001,fashion,,,,
12,12,0.001,<class 'torch.optim.adam.Adam'>,CrossEntropyLoss(),1,False,16,0.4763652999333439,0.214006522271387,0.3096281777952691,0.1931546861609862,0.5832254242494295,0.4533460580304118,0.4099087228136091,82.18411111111112,84.444,0.012544,0.909,2.515,13.274,84.444,fashion,,,,
13,13,0.001,<class 'torch.optim.adam.Adam'>,CrossEntropyLoss(),1,False,32,0.4887475127173378,0.2217521779528631,0.2895003093297991,0.1562492848720503,0.5097407235642518,0.4390462757145162,0.3683454280502727,82.31266666666667,84.59333333333333,0.012544,0.909,2.515,13.274,84.59333333333333,fashion,,,,
14,14,0.001,<class 'torch.optim.adam.Adam'>,CrossEntropyLoss(),1,False,64,0.5155784968053857,0.2236316017526053,0.2607899014420088,0.1645272809997925,0.390775962482861,0.3828514626520014,0.3127182353782183,81.84666666666666,84.28466666666667,0.012544,0.909,2.515,13.274,84.28466666666667,fashion,,,,
15,15,0.001,<class 'torch.optim.adam.Adam'>,CrossEntropyLoss(),1,True,16,0.468709510063806,0.2329178724358302,0.2983726175003636,0.1694679193332531,0.5677557919983724,0.4681815450459926,0.4018017521258727,82.248,84.19933333333333,0.012544,0.909,2.515,13.274,84.19933333333333,fashion,,,,
16,16,0.001,<class 'torch.optim.adam.Adam'>,CrossEntropyLoss(),1,True,32,0.4572279690282557,0.2145179814411387,0.3282540495306055,0.1860592065804788,0.5345018477640155,0.4140920943983643,0.3782177162476195,82.40411111111112,84.82400000000001,0.012544,0.909,2.515,13.274,84.82400000000001,fashion,,,,
17,17,0.001,<class 'torch.optim.adam.Adam'>,CrossEntropyLoss(),1,True,64,0.499890214159174,0.2202891257898943,0.2798206600509316,0.158729561846518,0.4057524268145865,0.4019461438455763,0.3221427108355603,82.07022222222221,84.56933333333333,0.012544,0.909,2.515,13.274,84.56933333333333,fashion,,,,
18,0,0.0003,<class 'torch.optim.adam.Adam'>,CrossEntropyLoss(),1,False,16,0.0199729401370178,0.0643970481569498,0.9156300117060322,0.5003049417254745,0.7578370749910485,0.0523138740582736,0.4368186302582655,59.92392080847792,71.45615652530219,0.049152,1.204,3.301,17.927,77.62523048555623,svhn,76.95692334293423,80.04741298897488,76.12861094038108,77.62523048555623
19,1,0.0003,<class 'torch.optim.adam.Adam'>,CrossEntropyLoss(),1,False,32,0.0401598637287676,0.0556989546261321,0.9041411816451004,0.2235247620562936,0.6921303782486584,0.04397023658257,0.319875125629174,59.33448908181698,71.40980331899202,0.049152,1.204,3.301,17.927,78.1781397254661,svhn,77.28417307106034,80.69809028488746,76.5460458922352,78.1781397254661
20,2,0.0003,<class 'torch.optim.adam.Adam'>,CrossEntropyLoss(),1,False,64,0.0814331186507834,0.0572058083891656,0.8613610729600509,0.2704110289273559,0.5139906629923214,0.0426259319305648,0.2756758746167474,55.54845725778196,68.76459741856178,0.049152,1.204,3.301,17.927,77.81474083179677,svhn,75.88025717678856,80.04987009205037,75.51705593116165,77.81474083179677
21,3,0.0003,<class 'torch.optim.adam.Adam'>,CrossEntropyLoss(),1,True,16,0.0243073866671931,0.0625974207872024,0.9130951925456045,0.4184509990583892,0.7290104498738146,0.053763359904412,0.4004082696122052,60.69981935742205,71.51889981561156,0.049152,1.204,3.301,17.927,77.7440585945503,svhn,77.03527762989658,80.19693226130836,75.80413849620979,77.7440585945503
22,4,0.0003,<class 'torch.optim.adam.Adam'>,CrossEntropyLoss(),1,True,32,0.0479848652547264,0.0530587022605199,0.8989564324847535,0.3895824134669045,0.6274419199056483,0.0384118988319448,0.3518120774014992,59.752196604647565,71.33886498668306,0.049152,1.204,3.301,17.927,78.14254251178038,svhn,77.22775070414204,80.59407292135906,76.17112272075396,78.14254251178038
23,5,0.0003,<class 'torch.optim.adam.Adam'>,CrossEntropyLoss(),1,True,64,0.0757134897235976,0.0571007925021893,0.8671857177742129,0.2736592264377752,0.6513621266363007,0.0467906769922657,0.3239373433554471,56.032324556015126,69.70651505838967,0.049152,1.204,3.301,17.927,78.10796967834462,svhn,76.22379658826688,80.25244459005056,75.83154066789592,78.10796967834462
24,6,0.0007,<class 'torch.optim.adam.Adam'>,CrossEntropyLoss(),1,False,16,0.0441014192401608,0.0827238645355904,0.8731747162242487,0.534663172910436,1.0704244594837429,0.104743884226086,0.5699438388734215,47.896856273120655,61.977822167588606,0.049152,1.204,3.301,17.927,72.68105920917846,svhn,69.56641231099644,74.56070182144141,69.95415898381479,72.68105920917846
25,7,0.0007,<class 'torch.optim.adam.Adam'>,CrossEntropyLoss(),1,False,32,0.0409220930367613,0.076703838512319,0.8823740684509196,0.3928714367058614,0.8029138508544311,0.0679353691001975,0.42124021888683,52.05682278371578,65.78237041589838,0.049152,1.204,3.301,17.927,74.70677115345217,svhn,72.73498323254661,77.0462890918274,72.49282933825036,74.70677115345217
26,8,0.0007,<class 'torch.optim.adam.Adam'>,CrossEntropyLoss(),1,False,64,0.0883258399092907,0.0938237408807059,0.8178504192100032,0.2851837412141146,0.6626187672609375,0.0788118378655856,0.3422047821135459,46.991823306987726,61.68638598647818,0.049152,1.204,3.301,17.927,74.37896947346854,svhn,70.06602326967617,76.18120680162534,70.74626101208769,74.37896947346854
27,9,0.0007,<class 'torch.optim.adam.Adam'>,CrossEntropyLoss(),1,True,16,0.0409893245806295,0.0867214021093914,0.8722892733099791,0.5159551035796245,1.378628799755038,0.1564876899917971,0.6836905311088199,49.6180114755814,63.0920917844704,0.049152,1.204,3.301,17.927,72.23340503995084,svhn,70.3156467413808,74.68155489122769,69.12850850235607,72.23340503995084
28,10,0.0007,<class 'torch.optim.adam.Adam'>,CrossEntropyLoss(),1,True,32,0.0432391206676364,0.0848831514819566,0.871877727850407,0.4378100747080559,0.8722178534855859,0.0968727736185595,0.4689669006040671,52.35340422530725,65.760090145462,0.049152,1.204,3.301,17.927,74.92112272075396,svhn,73.00499155939592,77.12509839787779,72.46132964556442,74.92112272075396
29,11,0.0007,<class 'torch.optim.adam.Adam'>,CrossEntropyLoss(),1,True,64,0.0798574217476278,0.0910016107892178,0.8291409674631544,0.2700900372520787,0.6850192279928232,0.0783058859405828,0.3444717170618283,50.03417193351262,64.4081643105921,0.049152,1.204,3.301,17.927,75.469934439664,svhn,72.54232815066592,77.625528390916,72.74124154886294,75.469934439664
30,13,0.001,<class 'torch.optim.adam.Adam'>,CrossEntropyLoss(),1,False,32,0.0641612465690456,0.0867112427351246,0.8491275106958297,0.366800065514034,1.1654897966307176,0.1143069975614633,0.5488656199020717,41.78986308475641,58.12948166359353,0.049152,1.204,3.301,17.927,71.52735095267364,svhn,67.23689658781186,73.36563968858493,68.1217988117189,71.52735095267364
31,14,0.001,<class 'torch.optim.adam.Adam'>,CrossEntropyLoss(),1,False,64,0.0975814926714507,0.1242166352575809,0.7782018720709684,0.281293496342428,0.825877159505312,0.1418073928522538,0.4163260162333313,39.8726856591634,54.54466297889777,0.049152,1.204,3.301,17.927,72.69872976849005,svhn,65.45076465957747,73.81073936051618,68.08748207334563,72.69872976849005
32,16,0.001,<class 'torch.optim.adam.Adam'>,CrossEntropyLoss(),1,True,32,0.0627676194998654,0.1022675193922985,0.8349648611078361,0.3707557260838813,1.0181102316405106,0.1282876891425363,0.5057178822889761,46.16805674998066,60.624359762343786,0.049152,1.204,3.301,17.927,71.93531038721572,svhn,69.00819489377578,74.23408912003859,69.5441507887728,71.93531038721572
33,17,0.001,<class 'torch.optim.adam.Adam'>,CrossEntropyLoss(),1,True,64,0.1056899400184932,0.1132600251757575,0.7810500348057493,0.3877189732924048,0.7371260596289371,0.1297995329166139,0.4182148552793185,44.3103958211047,57.509475517312026,0.049152,1.204,3.301,17.927,72.4042204466298,svhn,66.2643387890122,74.13644202374289,68.40529604589224,72.4042204466298
34,0,0.0003,<class 'torch.optim.adam.Adam'>,CrossEntropyLoss(),1,False,16,0.1926401281463181,0.2724554771250079,0.5349043947286739,0.2226020301551663,0.573821057515039,0.3169137598257678,0.3711122824986577,92.02644444444444,93.46533333333332,0.012544,0.909,2.515,13.274,93.46533333333332,mnist,,,,
35,1,0.0003,<class 'torch.optim.adam.Adam'>,CrossEntropyLoss(),1,False,32,0.1786493134952662,0.3028619121199624,0.5184887743847714,0.1736155848338393,0.5003568122186843,0.313113185916506,0.3290285276563432,90.99944444444444,93.716,0.012544,0.909,2.515,13.274,93.716,mnist,,,,
36,2,0.0003,<class 'torch.optim.adam.Adam'>,CrossEntropyLoss(),1,False,64,0.2088127328917307,0.3026020342463733,0.4885852328618958,0.182427573490056,0.4396577051386876,0.3112978635876891,0.3111277140721442,89.6268888888889,93.46733333333331,0.012544,0.909,2.515,13.274,93.46733333333331,mnist,,,,
37,3,0.0003,<class 'torch.optim.adam.Adam'>,CrossEntropyLoss(),1,True,16,0.1794819387146114,0.2756721554184463,0.5448459058669423,0.1971413845901178,0.5142363120351978,0.291349219774879,0.3342423054667315,92.09766666666664,95.59133333333332,0.012544,0.909,2.515,13.274,95.59133333333332,mnist,,,,
38,4,0.0003,<class 'torch.optim.adam.Adam'>,CrossEntropyLoss(),1,True,32,0.1672294591115046,0.2960765689596165,0.5366939719288788,0.2550593389080908,0.486870928030453,0.3031084959260299,0.3483462542881912,91.35811111111111,95.528,0.012544,0.909,2.515,13.274,95.528,mnist,,,,
39,5,0.0003,<class 'torch.optim.adam.Adam'>,CrossEntropyLoss(),1,True,64,0.1918699537968421,0.2951504399956824,0.5129796062074754,0.2320603840677542,0.4827678211509795,0.3202900832841495,0.3450394295009611,90.03166666666668,94.72933333333334,0.012544,0.909,2.515,13.274,94.72933333333334,mnist,,,,
40,6,0.0007,<class 'torch.optim.adam.Adam'>,CrossEntropyLoss(),1,False,16,0.3092454330238645,0.2714727941485536,0.4192817728275819,0.256893229615105,0.6331136915536109,0.4514324734465733,0.447146464871763,91.61844444444444,92.66333333333334,0.012544,0.909,2.515,13.274,92.66333333333334,mnist,,,,
41,7,0.0007,<class 'torch.optim.adam.Adam'>,CrossEntropyLoss(),1,False,32,0.2254798804908745,0.307523053138544,0.4669970663705816,0.2135446346997483,0.570475705823636,0.411704048174026,0.3985747962324701,90.94,93.55266666666668,0.012544,0.909,2.515,13.274,93.55266666666668,mnist,,,,
42,8,0.0007,<class 'torch.optim.adam.Adam'>,CrossEntropyLoss(),1,False,64,0.2470456750314698,0.3349858538082631,0.4179684711602671,0.2308512222868186,0.4841089225558564,0.4293599996821861,0.3814400481749537,89.60044444444445,93.30266666666668,0.012544,0.909,2.515,13.274,93.30266666666668,mnist,,,,
43,9,0.0007,<class 'torch.optim.adam.Adam'>,CrossEntropyLoss(),1,True,16,0.2988963807167875,0.2640803810884163,0.4370232381947961,0.2297476012149301,0.6254180194059367,0.4126334381056799,0.4225996862421823,91.69122222222222,95.094,0.012544,0.909,2.515,13.274,95.094,mnist,,,,
44,10,0.0007,<class 'torch.optim.adam.Adam'>,CrossEntropyLoss(),1,True,32,0.2257206103489706,0.3066573557282803,0.4676220339227491,0.2804561195381769,0.5703105730724755,0.4270873707864004,0.4259513544656843,91.29788888888888,95.192,0.012544,0.909,2.515,13.274,95.192,mnist,,,,
45,11,0.0007,<class 'torch.optim.adam.Adam'>,CrossEntropyLoss(),1,True,64,0.2335289104062611,0.3213935195968629,0.4450775699968758,0.2225896694308348,0.5252791090209302,0.4309175727476299,0.3929287837331316,90.13744444444444,94.89266666666668,0.012544,0.909,2.515,13.274,94.89266666666668,mnist,,,,
46,12,0.001,<class 'torch.optim.adam.Adam'>,CrossEntropyLoss(),1,False,16,0.3929889845583044,0.2460748280019382,0.3609361874397573,0.2141066335539721,0.6820152977874009,0.4916204335008044,0.4625807882807258,91.10433333333334,92.34333333333332,0.012544,0.909,2.515,13.274,92.34333333333332,mnist,,,,
47,13,0.001,<class 'torch.optim.adam.Adam'>,CrossEntropyLoss(),1,False,32,0.2608990080034681,0.3036231103630262,0.4354778816335057,0.2433073041036708,0.5918144145884158,0.4391294025241992,0.4247503737387619,90.67444444444445,93.012,0.012544,0.909,2.515,13.274,93.012,mnist,,,,
48,14,0.001,<class 'torch.optim.adam.Adam'>,CrossEntropyLoss(),1,False,64,0.2539172678589614,0.3459346730509064,0.4001480590901322,0.2348800590165971,0.4984465323941571,0.4831872253124697,0.405504605574408,89.37677777777778,93.204,0.012544,0.909,2.515,13.274,93.204,mnist,,,,
49,15,0.001,<class 'torch.optim.adam.Adam'>,CrossEntropyLoss(),1,True,16,0.378704806226122,0.2417229031921411,0.3795722905817368,0.180283548520558,0.6703909135311227,0.4838883752618821,0.4448542791045209,91.20966666666666,94.72066666666666,0.012544,0.909,2.515,13.274,94.72066666666666,mnist,,,,
50,16,0.001,<class 'torch.optim.adam.Adam'>,CrossEntropyLoss(),1,True,32,0.2707870798846672,0.2990797486102672,0.4301331715050655,0.3028480872053098,0.5564308962392873,0.4670367381689353,0.4421052405378441,90.96266666666666,95.04733333333334,0.012544,0.909,2.515,13.274,95.04733333333334,mnist,,,,
51,17,0.001,<class 'torch.optim.adam.Adam'>,CrossEntropyLoss(),1,True,64,0.2584912119207793,0.3338152658478936,0.4076935222313271,0.2345507443783203,0.5114872364721135,0.4797523215205383,0.4085967674569907,90.02988888888889,94.90466666666666,0.012544,0.909,2.515,13.274,94.90466666666666,mnist,,,,
52,3,0.0003,<class 'torch.optim.adam.Adam'>,CrossEntropyLoss(),1,True,16,0.0753038808270303,0.2477459886161073,0.6769501305568624,0.2750752324733945,0.2853169184535221,0.102373979733068,0.2209220435533282,73.08683683683684,77.43415149115862,0.049152,1.204,3.301,17.927,80.33887569279493,gtsrb,92.54454454454456,94.89714714714717,80.07812087622064,80.33887569279493
53,4,0.0003,<class 'torch.optim.adam.Adam'>,CrossEntropyLoss(),1,True,32,0.0727235351693305,0.224492785284178,0.7027836795464915,0.2509222361601671,0.2818392329246775,0.0890175828541625,0.207259683979669,70.22872872872874,76.21008181578253,0.049152,1.204,3.301,17.927,80.78859857482185,gtsrb,92.41491491491492,95.20270270270272,79.60358933755609,80.78859857482185
54,5,0.0003,<class 'torch.optim.adam.Adam'>,CrossEntropyLoss(),1,True,64,0.0876153158542759,0.2096548571071879,0.7027298270385359,0.2057345150161009,0.2968850645150845,0.0813359504640043,0.19465184333173,64.41216216216216,73.05727104776985,0.049152,1.204,3.301,17.927,80.62127210345737,gtsrb,91.14814814814814,94.99024024024024,79.00448667194512,80.62127210345737
55,9,0.0007,<class 'torch.optim.adam.Adam'>,CrossEntropyLoss(),1,True,16,0.10117805946984,0.3681126549497092,0.5307092855804508,0.2586861913907518,0.3726695849471448,0.2509312012456038,0.2940956591945001,69.6594094094094,75.8279229348113,0.049152,1.204,3.301,17.927,80.50197941409343,gtsrb,90.31606606606606,92.74824824824825,79.71602005806282,80.50197941409343
56,10,0.0007,<class 'torch.optim.adam.Adam'>,CrossEntropyLoss(),1,True,32,0.0871255106689171,0.3417580001443571,0.5711164891867256,0.2643036904302879,0.373934066000363,0.2184379619284807,0.2855585727863772,67.77102102102101,75.8078648719979,0.049152,1.204,3.301,17.927,80.84296648192135,gtsrb,91.09309309309307,93.76051051051051,79.58089205595144,80.84296648192135
57,11,0.0007,<class 'torch.optim.adam.Adam'>,CrossEntropyLoss(),1,True,64,0.1002005902671949,0.3181245896579892,0.5816748200748159,0.228963869831671,0.3742364536532048,0.198904483608177,0.2673682690310177,62.74124124124124,73.17867511216679,0.049152,1.204,3.301,17.927,80.84402216943785,gtsrb,90.5910910910911,94.11586586586586,79.13064133016627,80.84402216943785
58,15,0.001,<class 'torch.optim.adam.Adam'>,CrossEntropyLoss(),1,True,16,0.1303093207115749,0.4071437275903896,0.4625469516980355,0.2859785716713195,0.3708414758393634,0.3286068769031947,0.3284756414712925,64.4104104104104,73.83108999736078,0.049152,1.204,3.301,17.927,78.70625494853523,gtsrb,87.35385385385386,90.62312312312312,77.9345473739773,78.70625494853523
59,16,0.001,<class 'torch.optim.adam.Adam'>,CrossEntropyLoss(),1,True,32,0.0976999680263122,0.4024492400074932,0.4998507919661945,0.2261356701249421,0.3916119099879423,0.3024114021186483,0.3067196607438442,65.03753753753753,75.06254948535233,0.049152,1.204,3.301,17.927,80.38268672472948,gtsrb,89.62362362362363,92.52052052052052,78.89363948271311,80.38268672472948
60,17,0.001,<class 'torch.optim.adam.Adam'>,CrossEntropyLoss(),1,True,64,0.1103199358083047,0.3562615294936261,0.5334185346980692,0.2125688480958452,0.3962350485471437,0.2608036369104637,0.2898691778511509,60.297547547547545,72.03167062549485,0.049152,1.204,3.301,17.927,80.18896806545263,gtsrb,89.53828828828829,93.4496996996997,78.23911322248614,80.18896806545263
